https://www.youtube.com/watch?v=bqwwOYwOJx4

MA  14-15   2
A   12-13   5
M   9-11    13 
B   7-8     5
MB  5-6     2

A   B   C
3   3   3   9   15  MA
3   3   2   8   14  MA
3   3   1   7   13  A
3   2   3   8   13  A
3   2   2   7   12  A
3   2   1   6   11  M
3   1   3   7   11  M
3   1   2   6   10  M
3   1   1   5   9   M
2   3   3   8   13  A
2   3   2   7   12  A
2   3   1   6   11  M
2   2   3   7   11  M
2   2   2   6   10  M
2   2   1   5   9   M
2   1   3   6   9   M
2   1   2   5   8   B
2   1   1   4   7   B
1   3   3   7   11  M
1   3   2   6   10  M
1   3   1   5   9   M
1   2   3   6   9   M
1   2   2   5   8   B
1   2   1   4   7   B
1   1   3   5   7   B
1   1   2   4   6   MB
1   1   1   3   5   MB
